The Last column Class has 1"s or 0"s, this is how many 1"s
84

Group 1 is rows: 1 - 85
Group 2 is rows: 86 - 170

The total scores for each question by every user
Question 1:  302
Question 2:  281
Question 3:  300
Question 4:  252
Question 5:  262
Question 6:  127
Question 7:  84
Question 8:  247
Question 9:  248
Question 10:  268
Question 11:  287
Question 12:  281
Question 13:  312
Question 14:  267
Question 15:  267
Question 16:  251
Question 17:  281
Question 18:  258
Question 19:  279
Question 20:  248
Question 21:  236
Question 22:  212
Question 23:  240
Question 24:  257
Question 25:  277
Question 26:  253
Question 27:  238
Question 28:  222
Question 29:  254
Question 30:  254
Question 31:  361
Question 32:  350
Question 33:  307
Question 34:  323
Question 35:  284
Question 36:  273
Question 37:  355
Question 38:  316
Question 39:  355
Question 40:  318
Question 41:  339
Question 42:  367
Question 43:  460
Question 44:  330
Question 45:  418
Question 46:  434
Question 47:  386
Question 48:  466
Question 49:  405
Question 50:  413
Question 51:  421
Question 52:  428
Question 53:  381
Question 54:  342


-----------------Atr Scores------------------------
The max,min,mean of the questions in group 1
4, 0, 3.13, 
4, 0, 2.81, 
4, 0, 2.84, 
4, 0, 2.68, 
4, 0, 2.98, 
4, 0, 1.12, 
4, 0, 0.98, 
4, 0, 2.78, 
4, 0, 2.86, 
4, 0, 2.74, 
4, 0, 3.16, 
4, 0, 2.92, 
4, 0, 3.05, 
4, 0, 2.84, 
4, 0, 2.91, 
4, 0, 2.78, 
4, 0, 3.14, 
4, 0, 2.94, 
4, 0, 3.14, 
4, 0, 2.84, 
4, 0, 2.64, 
4, 0, 2.42, 
4, 0, 2.74, 
4, 0, 2.75, 
4, 0, 2.92, 
4, 0, 2.78, 
4, 0, 2.65, 
4, 0, 2.53, 
4, 0, 2.89, 
4, 0, 2.78, 
4, 0, 3.39, 
4, 0, 3.35, 
4, 0, 3.31, 
4, 0, 3.21, 
4, 0, 3.24, 
4, 0, 3.16, 
4, 0, 3.52, 
4, 0, 3.35, 
4, 0, 3.56, 
4, 0, 3.49, 
4, 0, 3.49, 
4, 0, 3.29, 
4, 0, 3.45, 
4, 0, 3.33, 
4, 0, 3.24, 
4, 0, 3.14, 
4, 0, 3.29, 
4, 0, 3.38, 
4, 0, 3.44, 
4, 0, 3.44, 
4, 1, 3.32, 
4, 0, 3.41, 
4, 0, 3.26, 
4, 0, 3.33, 

The averages of the max,min,mean
4, 0, 3.0, 




The max,min,mean of the questions in group 2
4, 0, 0.4, 
3, 0, 0.48, 
4, 0, 0.65, 
4, 0, 0.27, 
2, 0, 0.11, 
4, 0, 0.38, 
1, 0, 0.01, 
2, 0, 0.13, 
1, 0, 0.06, 
2, 0, 0.42, 
1, 0, 0.2, 
2, 0, 0.39, 
3, 0, 0.62, 
2, 0, 0.3, 
2, 0, 0.24, 
2, 0, 0.17, 
2, 0, 0.17, 
1, 0, 0.1, 
2, 0, 0.14, 
1, 0, 0.07, 
1, 0, 0.14, 
1, 0, 0.07, 
2, 0, 0.08, 
2, 0, 0.27, 
2, 0, 0.35, 
1, 0, 0.2, 
1, 0, 0.15, 
1, 0, 0.08, 
1, 0, 0.1, 
2, 0, 0.2, 
4, 0, 0.86, 
4, 0, 0.75, 
4, 0, 0.3, 
4, 0, 0.57, 
3, 0, 0.11, 
1, 0, 0.04, 
4, 0, 0.64, 
3, 0, 0.36, 
4, 0, 0.58, 
2, 0, 0.21, 
3, 0, 0.48, 
4, 0, 1.02, 
4, 0, 1.98, 
4, 0, 0.54, 
4, 0, 1.67, 
4, 0, 1.96, 
4, 0, 1.25, 
4, 0, 2.1, 
4, 0, 1.31, 
4, 0, 1.4, 
4, 0, 1.63, 
4, 0, 1.61, 
4, 0, 1.21, 
4, 0, 0.69, 

The averages of the max,min,mean
2, 0, 0.56, 


-----------------User Answers------------------------
The max,min,mean of the questions in group 1
4, 0, 1.11, 
4, 0, 2.57, 
4, 0, 2.09, 
4, 1, 2.46, 
3, 0, 1.0, 
4, 0, 0.94, 
4, 1, 2.48, 
4, 0, 2.07, 
4, 0, 1.94, 
4, 0, 1.28, 
4, 0, 3.76, 
4, 0, 3.76, 
4, 0, 3.61, 
4, 0, 3.61, 
4, 0, 3.59, 
4, 0, 3.57, 
4, 0, 3.57, 
4, 0, 3.56, 
4, 1, 3.56, 
4, 0, 3.56, 
4, 0, 3.52, 
4, 0, 3.52, 
4, 0, 3.48, 
4, 1, 3.46, 
4, 0, 3.46, 
4, 1, 3.46, 
4, 1, 3.44, 
4, 1, 3.44, 
4, 0, 3.43, 
4, 0, 3.43, 
4, 0, 3.43, 
4, 0, 3.41, 
4, 0, 3.41, 
4, 0, 3.41, 
4, 0, 3.41, 
4, 1, 3.37, 
4, 0, 3.35, 
4, 1, 3.31, 
4, 1, 3.31, 
4, 0, 3.31, 
4, 1, 3.3, 
4, 0, 3.28, 
4, 0, 3.28, 
4, 1, 3.28, 
4, 0, 3.28, 
4, 1, 3.28, 
4, 1, 3.28, 
4, 1, 3.28, 
4, 0, 3.28, 
4, 1, 3.28, 
4, 0, 3.28, 
4, 1, 3.26, 
4, 0, 3.22, 
4, 1, 3.22, 
4, 0, 3.2, 
4, 0, 3.19, 
4, 0, 3.17, 
4, 0, 3.17, 
4, 1, 3.17, 
4, 1, 3.13, 
4, 1, 3.13, 
4, 1, 3.13, 
4, 1, 3.13, 
4, 1, 3.13, 
4, 1, 3.11, 
4, 1, 3.07, 
4, 1, 3.07, 
4, 0, 3.07, 
4, 1, 3.06, 
4, 0, 3.04, 
4, 1, 3.04, 
4, 2, 2.96, 
3, 1, 2.93, 
4, 0, 2.91, 
4, 1, 2.87, 
4, 0, 2.8, 
4, 0, 2.52, 
4, 1, 2.5, 
4, 0, 2.48, 
4, 0, 2.46, 
4, 0, 2.39, 
4, 0, 3.04, 
4, 0, 2.69, 
4, 0, 2.11, 
1, 0, 0.15, 
3, 0, 0.2, 

The averages of the max,min,mean
3, 0, 2.98, 


The max,min,mean of the questions in group 2
2, 0, 0.24, 
3, 0, 0.24, 
4, 0, 0.28, 
2, 0, 0.28, 
3, 0, 0.3, 
3, 0, 0.31, 
2, 0, 0.41, 
2, 0, 0.41, 
2, 0, 0.41, 
3, 0, 0.43, 
4, 0, 0.43, 
4, 0, 0.43, 
4, 0, 0.43, 
3, 0, 0.43, 
4, 0, 0.44, 
4, 0, 0.44, 
4, 0, 0.44, 
3, 0, 0.46, 
4, 0, 0.46, 
2, 0, 0.48, 
4, 0, 0.5, 
4, 0, 0.5, 
3, 0, 0.52, 
2, 0, 0.54, 
3, 0, 0.54, 
3, 0, 0.54, 
3, 0, 0.54, 
3, 0, 0.54, 
4, 0, 0.56, 
4, 0, 0.56, 
4, 0, 0.56, 
3, 0, 0.56, 
4, 0, 0.56, 
2, 0, 0.56, 
4, 0, 0.56, 
3, 0, 0.56, 
3, 0, 0.57, 
4, 0, 0.57, 
4, 0, 0.57, 
4, 0, 0.57, 
4, 0, 0.57, 
4, 0, 0.57, 
4, 0, 0.59, 
4, 0, 0.59, 
2, 0, 0.59, 
3, 0, 0.59, 
4, 0, 0.59, 
2, 0, 0.59, 
3, 0, 0.59, 
3, 0, 0.59, 
3, 0, 0.61, 
3, 0, 0.61, 
3, 0, 0.61, 
4, 0, 0.61, 
3, 0, 0.61, 
2, 0, 0.61, 
4, 0, 0.61, 
4, 0, 0.63, 
4, 0, 0.63, 
4, 0, 0.63, 
3, 0, 0.63, 
4, 0, 0.63, 
3, 0, 0.65, 
4, 0, 0.67, 
4, 0, 0.67, 
3, 0, 0.67, 
4, 0, 0.67, 
3, 0, 0.67, 
3, 0, 0.67, 
3, 0, 0.67, 
2, 0, 0.67, 
4, 0, 0.69, 
3, 0, 0.69, 
3, 0, 0.69, 
3, 0, 0.69, 
2, 0, 0.69, 
4, 0, 0.69, 
3, 0, 0.69, 
3, 0, 0.69, 
4, 0, 0.7, 
4, 0, 0.7, 
3, 0, 0.7, 
4, 0, 0.72, 
4, 0, 0.72, 

The averages of the max,min,mean
3, 0, 0.56, 